,player_id,mean,week -1 performance,week -2 performance,opponent average -1,opponent average -2,opponent average,salary,is Quarterbacks,is Running Backs,is Tight Ends,is Wide Receivers,Year,Week,linear,boosting,random forest,neighbors 100,actual,linear predicted points,boosting predicted points,neighbors predicted points,linear Prob > 10,boosting Prob > 10,neighbors Prob > 10,linear Prob > 15,boosting Prob > 15,neighbors Prob > 15,linear Prob > 20,boosting Prob > 20,neighbors Prob > 20
0,A.J. Brown,18.275,23.7,28.0,32.03125,33.699999999999996,37.3875,78.0,False,False,False,True,2024,17,21.488418535335565,19.338077812744068,20.165,16.962798049947963,12.6,21.488418535335565,19.338077812744068,16.962798049947963,0.8448151254471242,0.8059289836219402,0.8,0.7461076787034412,0.6180152541395165,0.72,0.6050375412046407,0.47142890688437217,0.35
3,Aaron Rodgers,16.14,14.8,28.1,18.9875,21.525,17.875,57.0,True,False,False,False,2024,17,15.54216828757446,14.996383217036263,18.308399999999992,14.062192028625518,2.5,15.54216828757446,14.996383217036263,14.062192028625518,0.7143165083458642,0.808753881934689,0.82,0.5138304211376092,0.4891828066651434,0.39,0.31105890558393057,0.25554433997510195,0.29
6,Adam Thielen,13.1375,15.3,10.1,32.10625,37.3875,37.89375,57.0,False,False,False,True,2024,17,16.961541049414308,15.756847416397148,23.111999999999988,13.218842306244635,31.0,16.961541049414308,15.756847416397148,13.218842306244635,0.6637005153507736,0.6996142283728374,0.73,0.5223914415746231,0.46485307007966487,0.48,0.3532696838339712,0.31334317556654867,0.25
9,Aidan O'Connell,10.028571428571428,11.5,9.8,21.525,21.518749999999997,17.2125,51.0,True,False,False,False,2024,17,11.74481796120934,12.223860117411009,12.912599999999998,12.449842487441785,17.6,11.74481796120934,12.223860117411009,12.449842487441785,0.5204025578667688,0.6031572923999025,0.45,0.33152210184061226,0.3702897609639099,0.3,0.18327612547297975,0.1407150985977515,0.16
12,Alec Pierce,9.25,0.0,9.6,34.38125000000001,34.175,33.2,47.0,False,False,False,True,2024,17,11.745572254734437,10.265392578718602,11.320999999999993,11.308198699347457,27.2,11.745572254734437,10.265392578718602,11.308198699347457,0.40264709961496015,0.4259648087986681,0.45,0.2590253261407829,0.24395007668240778,0.3,0.1444296437418799,0.11825148721246863,0.16
14,Alexander Mattison,10.458333333333334,15.6,4.4,27.556250000000002,21.1625,26.112499999999997,56.0,False,True,False,False,2024,17,14.092739877846089,14.07076450960559,14.135799999999994,12.879248911792262,4.8,14.092739877846089,14.07076450960559,12.879248911792262,0.5305815418792775,0.5810118793859882,0.56,0.38943562323647374,0.4246792732575146,0.4,0.21611399568840586,0.18690730633523814,0.22
18,Amari Cooper,8.315384615384616,2.0,0.0,34.175,40.518750000000004,31.174999999999997,50.0,False,False,False,True,2024,17,10.391427164207377,9.192385116333856,11.662,10.669424235186208,14.6,10.391427164207377,9.192385116333856,10.669424235186208,0.3424035522711838,0.29864434423524555,0.49,0.21551181205113923,0.21997115871414918,0.26,0.11757401752139487,0.13449598794859333,0.2
19,Ameer Abdullah,8.423076923076923,19.5,19.6,27.556250000000002,21.1625,26.112499999999997,51.0,False,True,False,False,2024,17,13.377644757673352,13.369250588834772,13.903199999999995,12.869695064811946,20.7,13.377644757673352,13.369250588834772,12.869695064811946,0.4778873204137222,0.577775201744181,0.66,0.3474251594150927,0.3827526470185175,0.33,0.18836744668034536,0.1614243387274125,0.19
36,Baker Mayfield,22.77333333333333,26.3,29.0,22.1875,17.1375,21.318749999999998,69.0,True,False,False,False,2024,17,21.208436364689472,21.81179821245734,21.47959999999999,20.53422376662894,37.6,21.208436364689472,21.81179821245734,20.53422376662894,0.8867690503617631,0.9123354714341465,0.9,0.7751710727336394,0.755321512848311,0.73,0.6008807624445479,0.6765494950750395,0.52
49,Braelon Allen,5.220000000000001,2.0,0.5,22.2625,27.556250000000002,26.425,50.0,False,True,False,False,2024,17,10.95877273735817,9.391598088071584,11.569599999999998,8.53247389240678,2.6,10.95877273735817,9.391598088071584,8.53247389240678,0.37355627956961657,0.31048524350613443,0.34,0.2593677803819169,0.22350370388150856,0.22,0.1340543694177961,0.11794835986108854,0.12
50,Brandin Cooks,7.049999999999999,7.8,6.4,37.89375,34.1125,31.65,46.0,False,False,False,True,2024,17,10.282778783860085,11.240643627267437,11.602,12.302828304040242,9.2,10.282778783860085,11.240643627267437,12.302828304040242,0.3221722726262157,0.4516290759942195,0.57,0.20448542470587855,0.2615528225128874,0.2,0.11305489544061645,0.1376124982540053,0.17
57,Breece Hall,16.02857142857143,14.0,13.1,22.2625,27.556250000000002,26.425,63.0,False,True,False,False,2024,17,17.03615665556642,18.909221111255,19.4904,13.896128935044686,6.3,17.03615665556642,18.909221111255,13.896128935044686,0.6935791075039528,0.7481814395298462,0.75,0.5431204785614843,0.5735847097987753,0.52,0.32511695878038,0.31333019244289123,0.29
64,Brian Thomas Jr.,16.52,31.2,35.5,30.656250000000007,31.174999999999997,29.599999999999998,68.0,False,False,False,True,2024,17,17.447117834294463,16.474778168359045,15.79440000000001,15.118553406836472,23.9,17.447117834294463,16.474778168359045,15.118553406836472,0.7399050210648102,0.7600507142419373,0.83,0.5367132186692933,0.52674808897476,0.49,0.3461997355176779,0.31011519062197174,0.34
67,Brock Bowers,15.94,20.9,6.5,14.075000000000001,11.993749999999999,11.13125,67.0,False,False,True,False,2024,17,14.7287889804065,13.394769257462043,14.0372,16.461778776572913,14.6,14.7287889804065,13.394769257462043,16.461778776572913,0.6649099815927347,0.5510522247331283,0.67,0.3979376777745087,0.4078578151096773,0.5,0.1925508054068576,0.14085982625446733,0.24
72,Bryce Young,12.875,27.1,18.0,16.93125,22.1875,21.518749999999997,56.0,True,False,False,False,2024,17,16.45436788446224,16.845662619692114,18.489999999999995,14.766203978779284,16.9,16.45436788446224,16.845662619692114,14.766203978779284,0.7507348933392243,0.7687891673402691,0.78,0.5759781421230311,0.6330656914309626,0.41,0.3815168177968774,0.34574420199553463,0.23
75,Bucky Irving,14.193333333333333,18.2,16.3,25.068749999999998,21.025000000000002,31.212500000000002,67.0,False,True,False,False,2024,17,19.186166454101993,20.353137366591742,23.49459999999998,17.289476873242112,26.0,19.186166454101993,20.353137366591742,17.289476873242112,0.7580156558302028,0.7638099572867673,0.75,0.6588391709194534,0.6317667556514587,0.53,0.46890308087741533,0.42524214678849265,0.34
84,Calvin Ridley,11.986666666666668,16.8,9.0,34.66250000000001,33.631249999999994,37.3125,55.0,False,False,False,True,2024,17,16.185002644240953,14.801089029386215,23.417799999999996,11.762734575071855,13.4,16.185002644240953,14.801089029386215,11.762734575071855,0.6219181784668164,0.6895332646338284,0.72,0.4774460752470822,0.40794239420947587,0.42,0.3158935786662443,0.27825480089125193,0.26
85,Cam Akers,5.769230769230769,0.3,8.4,23.1375,26.049999999999997,23.881249999999998,49.0,False,True,False,False,2024,17,10.041329567578508,8.872879776975791,6.777999999999997,7.565610644252845,11.3,10.041329567578508,8.872879776975791,7.565610644252845,0.3349851888208328,0.2938660175798621,0.35,0.21776084875771584,0.2284700595645439,0.22,0.10635812071052184,0.09608212735843069,0.14
99,Chris Brooks,3.3,9.5,2.5,26.112499999999997,23.1375,18.31875,44.0,False,True,False,False,2024,17,6.6572909425480296,7.936195114764033,7.131200000000002,8.023359589947814,0.0,6.6572909425480296,7.936195114764033,8.023359589947814,0.21358306067614613,0.2995236684521188,0.39,0.11657486095184681,0.13997669657834277,0.1,0.05110096661563456,0.0846163375669298,0.13
122,Cooper Rush,10.31818181818182,15.3,21.1,21.518749999999997,21.318749999999998,15.812500000000002,54.0,True,False,False,False,2024,17,11.934126058418851,12.604500521771115,14.614399999999998,12.331738900767153,8.1,11.934126058418851,12.604500521771115,12.331738900767153,0.5328975631913416,0.6031572923999025,0.58,0.3388047388794584,0.3831894099932548,0.33,0.18846108741705833,0.1420032337042985,0.22
138,Dalton Kincaid,8.033333333333333,5.5,9.3,12.33125,9.299999999999999,10.325,43.0,False,False,True,False,2024,17,8.805738044283643,7.897407284012327,7.645999999999998,9.770168237622665,4.4,8.805738044283643,7.897407284012327,9.770168237622665,0.3577872374884323,0.39887732217434335,0.4,0.15192107126202373,0.11711825329356972,0.14,0.058834295790916806,0.029910311429288915,0.04
153,Davante Adams,18.150000000000002,19.8,43.8,34.1125,37.3125,34.14375,71.0,False,False,False,True,2024,17,19.114380028328966,16.161667338242278,23.358399999999996,14.673633289460286,9.7,19.114380028328966,16.161667338242278,14.673633289460286,0.753411045201395,0.7240860872460966,0.8,0.6237335886745621,0.5478114239431391,0.48,0.45112718516813094,0.44166668081499205,0.38
157,David Moore,4.966666666666667,11.9,3.9,32.10625,37.3875,37.89375,41.0,False,False,False,True,2024,17,12.215317186479133,11.869663811104605,10.201000000000002,11.37964720122129,2.7,12.215317186479133,11.869663811104605,11.37964720122129,0.4082241371241067,0.5137965540063592,0.6,0.287183949022887,0.27529907161015793,0.24,0.17152473732812323,0.16575627146942773,0.18
162,De'Von Achane,18.6,34.0,14.6,26.35625,20.16875,18.8,77.0,False,True,False,False,2024,17,17.21282994673741,18.182705381551273,21.7826,18.48710253875258,5.8,17.21282994673741,18.182705381551273,18.48710253875258,0.7422887993440297,0.8136185883049728,0.8,0.5505364481619355,0.7322019476285738,0.64,0.32467714592625874,0.3775644085043509,0.37
166,DeVonta Smith,14.366666666666665,11.1,31.0,32.03125,33.699999999999996,37.3875,58.0,False,False,False,True,2024,17,17.622687815895087,16.155253264281363,17.038800000000002,12.705863272140016,33.0,17.622687815895087,16.155253264281363,12.705863272140016,0.6901955623700351,0.6056081659282312,0.75,0.5466886295973116,0.4269003092405003,0.42,0.37422363411446075,0.3284666901292277,0.27
182,Devin Singletary,7.223076923076922,1.2,13.1,21.1625,20.093749999999996,24.943749999999998,42.0,False,True,False,False,2024,17,11.07086930725341,7.993322255248021,8.260800000000003,9.978962153616987,4.0,11.07086930725341,7.993322255248021,9.978962153616987,0.39991812422725637,0.3191637481206542,0.38,0.24520421333784742,0.18547269262288496,0.24,0.11517149228229964,0.07237613665311007,0.11
186,Dorian Thompson-Robinson,3.2399999999999998,9.2,1.3,21.056250000000002,17.5625,14.5,48.0,True,False,False,False,2024,17,7.769661933926843,8.101837658426941,5.734000000000001,9.921588798729738,6.8,7.769661933926843,8.101837658426941,9.921588798729738,0.3406033855779182,0.3870696938357672,0.21,0.18432283296125404,0.20355337586156438,0.15,0.09666152065164857,0.07046720678207265,0.07
189,Drew Lock,8.780000000000001,10.5,14.0,20.3125,17.2125,19.46875,49.0,True,False,False,False,2024,17,12.429496494252703,11.645074947401122,12.816,12.950860039216154,37.4,12.429496494252703,11.645074947401122,12.950860039216154,0.5545328010260321,0.5490308829808851,0.53,0.36440813154437063,0.3384258435729566,0.31,0.21026120073612295,0.150452939419022,0.12
197,Elijah Moore,7.746666666666668,4.1,1.9,33.631249999999994,31.500000000000004,30.231250000000003,43.0,False,False,False,True,2024,17,9.885845636201944,10.26812249609934,13.660999999999994,10.32170677847689,1.1,9.885845636201944,10.26812249609934,10.32170677847689,0.3415197126625997,0.40308902706499006,0.44,0.18943041968180216,0.18038456963036195,0.22,0.09714729539857657,0.09177946965403544,0.18
198,Emanuel Wilson,4.866666666666666,12.6,0.9,26.112499999999997,23.1375,18.31875,41.0,False,True,False,False,2024,17,7.136368073817947,7.589155291261172,4.669800000000001,7.827524118035581,8.9,7.136368073817947,7.589155291261172,7.827524118035581,0.2334674387556446,0.28601041012116996,0.39,0.12375606461746226,0.14132252290218403,0.15,0.05227610869726518,0.07042540726982606,0.09
208,Ezekiel Elliott,4.235714285714286,6.1,5.1,20.825,31.212500000000002,17.231250000000003,46.0,False,True,False,False,2024,17,6.527951836034728,7.567252857735433,9.636400000000004,7.4347760997048855,0.2,6.527951836034728,7.567252857735433,7.4347760997048855,0.22198398995245786,0.2419446704096549,0.28,0.11671370881010473,0.14593810520253403,0.13,0.049211064907028805,0.06537112784637443,0.08
213,Garrett Wilson,15.813333333333333,11.4,14.6,34.1125,37.3125,34.14375,61.0,False,False,False,True,2024,17,16.39956451568049,16.220405057397073,22.366999999999997,10.271766600629846,19.6,16.39956451568049,16.220405057397073,10.271766600629846,0.645280683818221,0.6851982203679758,0.73,0.4854336501877469,0.46176946495604126,0.48,0.3109392677305957,0.3396516249040117,0.24
238,Isaiah Davis,5.214285714285714,1.2,3.6,22.2625,27.556250000000002,26.425,45.0,False,True,False,False,2024,17,10.531038256994979,9.364194427467352,9.2164,6.448997046210991,5.3,10.531038256994979,9.364194427467352,6.448997046210991,0.3484953097087003,0.323483732430489,0.3,0.23638010264099132,0.22415695788575313,0.23,0.1175281353072574,0.08309069387058089,0.09
263,Jakobi Meyers,13.661538461538461,6.1,10.9,37.3125,37.912499999999994,36.53125,60.0,False,False,False,True,2024,17,15.867461764307485,17.208563643699634,23.807999999999993,10.80799703576887,17.1,15.867461764307485,17.208563643699634,10.80799703576887,0.5833432319421143,0.6348616186333592,0.7,0.462809193066245,0.5232547357230152,0.41,0.3077374551191231,0.38830071987855225,0.23
266,Jalen Coker,8.455555555555556,2.8,24.0,32.10625,37.3875,37.89375,43.0,False,False,False,True,2024,17,13.51380942403673,10.779269408118891,12.8406,10.995955240825838,5.5,13.51380942403673,10.779269408118891,10.995955240825838,0.46120899856303477,0.4274478067873121,0.58,0.33528206878474215,0.2564646049312532,0.37,0.20175140873147296,0.11756933954607032,0.18
269,Jalen McMillan,8.49090909090909,16.7,18.5,37.3875,33.3125,34.1125,46.0,False,False,False,True,2024,17,12.678799292224966,12.16878441417067,13.097000000000003,10.43452271357165,23.0,12.678799292224966,12.16878441417067,10.43452271357165,0.42716321562539256,0.5302253623065252,0.56,0.29330017474417736,0.23528244125913053,0.31,0.17143097830530854,0.1354145577714665,0.18
272,Jalen Tolbert,8.413333333333332,10.0,8.1,37.89375,34.1125,31.65,41.0,False,False,False,True,2024,17,10.51686881009932,11.74497325339127,12.628,11.692840021527866,12.0,10.51686881009932,11.74497325339127,11.692840021527866,0.332530825074607,0.5415452337394817,0.48,0.20489970474731023,0.29478366147600016,0.25,0.10835785440442332,0.14627006260539166,0.16
275,Jamaal Williams,2.5416666666666665,0.8,0.0,23.881249999999998,23.475,23.075000000000003,48.0,False,True,False,False,2024,17,8.374514359650341,7.336577970372051,7.599,7.405939555679858,3.4,8.374514359650341,7.336577970372051,7.405939555679858,0.26826940416725914,0.26063462688514893,0.31,0.167899197013039,0.243670576108729,0.17,0.08179805262906104,0.0846980890260325,0.11
279,James Cook,18.47142857142857,30.6,29.3,25.64375,19.09375,21.224999999999998,72.0,False,True,False,False,2024,17,17.943273359327936,19.801679416749508,17.713800000000003,19.005432172951984,11.3,17.943273359327936,19.801679416749508,19.005432172951984,0.7544946124198786,0.8324084522514603,0.86,0.5790892341247038,0.6016993770003219,0.62,0.3519179287263174,0.37816195160614346,0.49
294,Jayden Reed,13.286666666666667,11.1,11.1,36.53125,33.7875,42.356249999999996,59.0,False,False,False,True,2024,17,18.724693612474255,16.463695897631712,27.225,12.427821564955465,1.6,18.724693612474255,16.463695897631712,12.427821564955465,0.7036128496836678,0.7161039861837941,0.76,0.6141493625601613,0.5618014838223089,0.49,0.46513262842361763,0.33925514998696105,0.28
298,Jaylen Wright,2.238461538461539,0.3,3.3,20.16875,21.224999999999998,18.8,41.0,False,True,False,False,2024,17,6.284228078075068,5.914635222716397,5.718733333333335,7.361330364177841,0.0,6.284228078075068,5.914635222716397,7.361330364177841,0.2219102626430732,0.19555035224896233,0.19,0.1102192926375865,0.09832627226450369,0.14,0.04676158081201889,0.04480776987965064,0.04
307,Jerome Ford,10.138461538461538,24.1,18.4,23.568750000000005,15.650000000000002,21.568749999999998,59.0,False,True,False,False,2024,17,13.652298875368942,14.444589660131887,15.799599999999993,17.483829729085606,2.2,13.652298875368942,14.444589660131887,17.483829729085606,0.5638107434509013,0.6579672375661696,0.65,0.3648859548708891,0.376269954904302,0.5,0.1903506084748105,0.2059952026082236,0.29
308,Jerry Jeudy,14.146666666666667,4.0,24.8,33.631249999999994,31.500000000000004,30.231250000000003,65.0,False,False,False,True,2024,17,14.567524167146985,15.3853645702188,16.377799999999993,12.450627213680528,21.4,14.567524167146985,15.3853645702188,12.450627213680528,0.5797436777932838,0.6725433235041942,0.7,0.3926604059694277,0.40457294548077966,0.41,0.23745740949380184,0.25958596095228276,0.33
312,Joe Flacco,13.883333333333333,15.9,6.1,17.875,17.2375,18.1375,49.0,True,False,False,False,2024,17,14.146196063409876,13.21963474129792,13.5086,13.787953105813191,22.3,14.146196063409876,13.21963474129792,13.787953105813191,0.675286675757615,0.6559136236954216,0.57,0.4414884848582887,0.386503391715645,0.36,0.24635376956113958,0.19006889575153502,0.22
322,Jonathan Taylor,17.674999999999997,42.8,15.1,23.99375,22.68125,27.106250000000003,79.0,False,True,False,False,2024,17,21.153574621463285,24.061272310173443,26.2754,19.91696937413855,30.6,21.153574621463285,24.061272310173443,19.91696937413855,0.8508676243275617,0.8884795840246422,0.82,0.7487832419655813,0.829750043454076,0.64,0.5648223976449346,0.5602998790276095,0.48
325,Jonnu Smith,13.206666666666669,12.2,19.8,9.70625,11.212499999999999,13.506249999999998,57.0,False,False,True,False,2024,17,13.981086113595557,13.682965798609533,12.280600000000003,14.82081838539953,11.6,13.981086113595557,13.682965798609533,14.82081838539953,0.6232786037501484,0.690871846981502,0.67,0.3556803900270864,0.42842629142375527,0.44,0.16523496467937113,0.18762607508951887,0.18
326,Jordan Addison,15.27692307692308,14.5,13.3,33.7875,30.35625,30.94375,63.0,False,False,False,True,2024,17,15.58484698298092,15.51181431146685,17.726999999999986,13.71338684230764,18.9,15.58484698298092,15.51181431146685,13.71338684230764,0.6416260372119615,0.7061792761139568,0.72,0.4418651758568247,0.45938665338256995,0.47,0.2696440016749294,0.2631905828479615,0.25
328,Jordan Love,17.46923076923077,11.5,17.6,17.2125,16.275,17.2375,62.0,True,False,False,False,2024,17,16.279975612686947,16.627323091394413,16.905200000000004,17.419536488347212,12.0,16.279975612686947,16.627323091394413,17.419536488347212,0.7723909436332866,0.844174316350417,0.76,0.5589378323933587,0.5487353335575855,0.52,0.34734064612595306,0.25403484461041637,0.32
333,Josh Allen,24.426666666666666,12.2,44.3,17.237499999999997,20.056250000000002,17.4625,85.0,True,False,False,False,2024,17,21.243429212235423,20.241648118530385,18.526800000000005,19.49271851042523,23.0,21.243429212235423,20.241648118530385,19.49271851042523,0.9013424579591288,0.8929249802653776,0.83,0.7884355875891818,0.7613936596227698,0.63,0.6217894908266439,0.5745475285588906,0.49
334,Josh Downs,13.491666666666665,15.1,6.2,29.599999999999998,34.38125000000001,33.2,48.0,False,False,False,True,2024,17,14.607189198830277,12.756979482223354,12.930799999999994,12.582790540532098,5.2,14.607189198830277,12.756979482223354,12.582790540532098,0.594758287981313,0.5577759368777883,0.57,0.38462165279121546,0.28153853440972343,0.3,0.2147289501727925,0.18684824392435737,0.16
335,Josh Jacobs,18.90666666666667,20.7,23.6,26.112499999999997,23.1375,18.31875,81.0,False,True,False,False,2024,17,16.705286350474513,17.229430307994026,17.15160000000001,17.50231488416727,12.9,16.705286350474513,17.229430307994026,17.50231488416727,0.7106447259892973,0.8031144837494777,0.77,0.5282153418048615,0.599248370505206,0.54,0.31068055339795336,0.328087912858413,0.4
351,Justin Jefferson,20.4,39.4,20.3,33.7875,30.35625,30.94375,83.0,False,False,False,True,2024,17,20.78026251541587,18.22313769954684,21.092599999999997,17.080702718361593,17.2,20.78026251541587,18.22313769954684,17.080702718361593,0.8519175342530508,0.8293139307085907,0.76,0.7122976358498735,0.6170460587120313,0.68,0.5436112621388984,0.385725807668134,0.46
369,Kendre Miller,5.24,5.1,4.6,23.881249999999998,23.475,23.075000000000003,55.0,False,True,False,False,2024,17,10.31547458235077,11.917423373437376,11.892199999999997,10.024744490539318,2.9,10.31547458235077,11.917423373437376,10.024744490539318,0.35934194997871166,0.4652473863887677,0.42,0.23387505818553705,0.29380472784978917,0.25,0.11882747823660353,0.16356323167921813,0.17
373,Kenneth Gainwell,3.7599999999999993,2.3,9.0,23.475,21.4,25.068749999999998,46.0,False,True,False,False,2024,17,9.90232375177768,8.080247951403322,8.820799999999998,8.492755869188503,1.9,9.90232375177768,8.080247951403322,8.492755869188503,0.3270260309050863,0.33117575909560737,0.41,0.21228936887402886,0.21477909241469142,0.21,0.10570043241812002,0.0727305495079124,0.15
376,Kenny Pickett,2.525,10.0,-0.2,16.712500000000002,18.9875,22.1875,55.0,True,False,False,False,2024,17,11.68723029436376,12.728871753173165,15.811800000000005,9.142705729930384,16.0,11.68723029436376,12.728871753173165,9.142705729930384,0.5234715827967626,0.7086244490311363,0.45,0.3619131113202791,0.45048649009553404,0.36,0.23107301879119488,0.4007183831966298,0.18
378,Keon Coleman,8.618181818181817,2.7,7.4,34.175,40.518750000000004,31.174999999999997,45.0,False,False,False,True,2024,17,10.237974788764047,9.267402796576448,13.534999999999995,11.67203249494496,11.7,10.237974788764047,9.267402796576448,11.67203249494496,0.32887355656785416,0.33069453028981666,0.47,0.20307348479535148,0.20412348112817438,0.23,0.10708767397951331,0.09937207856606715,0.14
382,Khalil Shakir,13.071428571428571,4.2,15.9,34.175,40.518750000000004,31.174999999999997,56.0,False,False,False,True,2024,17,13.08789940747156,11.28993585781349,12.927999999999997,10.49343516883934,5.5,13.08789940747156,11.28993585781349,10.49343516883934,0.47538263384837914,0.44338705434084996,0.67,0.31846309218778407,0.3411003679895852,0.3,0.18041786403916654,0.21722099501104974,0.21
391,Kyle Trask,0.0,0.0,0.2,17.1375,21.318749999999998,21.318749999999998,44.0,True,False,False,False,2024,17,8.682488625212576,4.615054556460445,4.263000000000001,4.600950491828725,-0.2,8.682488625212576,4.615054556460445,4.600950491828725,0.3549762627704379,0.2193804270073187,0.18,0.22515651448855667,0.11896669523644485,0.14,0.13033984481360048,0.06321298543930358,0.04
406,Mac Jones,9.4,13.9,20.7,18.237499999999997,17.4625,18.224999999999998,52.0,True,False,False,False,2024,17,12.850885224567019,12.789777775491737,14.083999999999996,13.200721056080905,17.2,12.850885224567019,12.789777775491737,13.200721056080905,0.5932829576050227,0.5862854911329217,0.6,0.38625811633817697,0.3763971860913697,0.4,0.2231767033036766,0.1872730185516581,0.22
410,Malik Nabers,17.23846153846154,13.8,24.2,37.912499999999994,38.18750000000001,34.66250000000001,66.0,False,False,False,True,2024,17,17.528994253796206,18.20653930750392,22.968400000000003,11.950256435669989,39.1,17.528994253796206,18.20653930750392,11.950256435669989,0.6702569005129123,0.7439445278985787,0.78,0.5423768613710536,0.5080946701915707,0.45,0.37176370473578024,0.3239758137685615,0.34
419,Marquez Valdes-Scantling,6.766666666666667,8.8,9.1,32.03125,33.2,30.656250000000007,42.0,False,False,False,True,2024,17,10.036671084663276,11.67008850697687,10.078999999999995,11.496823052682432,0.0,10.036671084663276,11.67008850697687,11.496823052682432,0.3469223764368028,0.495575190712246,0.55,0.19484014634019228,0.22212688400564784,0.19,0.10083773175742503,0.14627006260539166,0.18
424,Mason Rudolph,14.75,15.4,16.8,19.46875,21.056250000000002,21.525,50.0,True,False,False,False,2024,17,15.809881665060065,16.451890008150436,17.5086,15.105857963502167,13.0,15.809881665060065,16.451890008150436,15.105857963502167,0.7109684003362202,0.7662338573952038,0.78,0.5275514641903518,0.5548957883499762,0.38,0.326927680728356,0.3191610939886539,0.23
432,Michael Pittman Jr.,9.407142857142857,3.9,11.8,29.599999999999998,34.38125000000001,33.2,47.0,False,False,False,True,2024,17,12.44125071056932,11.436003715958119,10.901000000000003,10.868198329278123,28.9,12.44125071056932,11.436003715958119,10.868198329278123,0.4673465528866156,0.48169074956232427,0.56,0.2904941067076946,0.25124751093357983,0.35,0.1605021980655094,0.13613953909939433,0.19
436,Mike Evans,16.56666666666667,11.9,39.9,37.3875,33.3125,34.1125,75.0,False,False,False,True,2024,17,18.298883477343026,17.731616655907136,23.872399999999992,16.68861232436093,29.7,18.298883477343026,17.731616655907136,16.68861232436093,0.7107092977017467,0.7781498405423245,0.82,0.5898010606465206,0.593810943398791,0.51,0.43270850418259654,0.37605129112854135,0.43
454,Nick Westbrook-Ikhine,8.2,9.7,2.9,34.66250000000001,33.631249999999994,37.3125,45.0,False,False,False,True,2024,17,13.39080301374689,12.247787025894821,14.343000000000007,11.906734392217903,6.7,13.39080301374689,12.247787025894821,11.906734392217903,0.4708068097609078,0.5553226876086887,0.6,0.3346397021908583,0.2806936735071808,0.2,0.2024935257454372,0.1414692543229791,0.18
463,Parker Washington,4.693333333333333,11.4,8.4,30.656250000000007,31.174999999999997,29.599999999999998,42.0,False,False,False,True,2024,17,9.17265574334522,11.23942776159414,13.691999999999998,11.34676692199129,12.1,9.17265574334522,11.23942776159414,11.34676692199129,0.32266254058067934,0.47251723304432935,0.56,0.17061391432699455,0.23555413261499905,0.19,0.08765213595921152,0.1265194373648416,0.2
473,Pierre Strong Jr.,2.4909090909090907,2.9,0.0,23.568750000000005,15.650000000000002,21.568749999999998,43.0,False,True,False,False,2024,17,7.875617495311208,6.897089420318014,5.832500000000001,7.116739584986943,7.8,7.875617495311208,6.897089420318014,7.116739584986943,0.26934451520876707,0.24493163343320618,0.23,0.14770552276879537,0.1272532158431465,0.14,0.06761875684757049,0.05677488115864559,0.01
478,Rachaad White,14.371428571428572,13.0,16.1,25.068749999999998,21.025000000000002,31.212500000000002,57.0,False,True,False,False,2024,17,18.087311180998004,17.131567894095188,22.475399999999983,15.094565427105103,4.4,18.087311180998004,17.131567894095188,15.094565427105103,0.7086817711198155,0.758064925647311,0.69,0.5909908246835586,0.5459784034382241,0.55,0.38376008788499194,0.34856451949034734,0.28
480,Raheem Mostert,6.454545454545454,6.6,5.1,26.35625,20.16875,18.8,47.0,False,True,False,False,2024,17,8.334355194880946,8.253440729360035,10.559799999999996,10.8856918748546,3.9,8.334355194880946,8.253440729360035,10.8856918748546,0.2824736222058764,0.31415565210617963,0.41,0.1552290790172772,0.16978834978520077,0.12,0.06833862842156332,0.09058241924236242,0.13
487,Ray Davis,6.62,3.9,10.9,25.64375,19.09375,21.224999999999998,42.0,False,True,False,False,2024,17,9.065013169264702,9.830545389092665,11.4364,9.620625868525465,2.3,9.065013169264702,9.830545389092665,9.620625868525465,0.302325633934495,0.3177366620735888,0.43,0.1723322002294885,0.1786054246463604,0.19,0.07642374345355742,0.0770108045312519,0.1
493,Rico Dowdle,13.042857142857143,8.1,17.9,20.825,31.212500000000002,17.231250000000003,60.0,False,True,False,False,2024,17,11.371075683142767,11.700063099195749,11.394999999999998,9.750789846493197,14.8,11.371075683142767,11.700063099195749,9.750789846493197,0.44878841800817304,0.4033595774862663,0.53,0.26276105081216067,0.24756534407985367,0.26,0.11769858210885462,0.13440049742509927,0.14
501,Romeo Doubs,9.775,4.0,19.0,36.53125,33.7875,42.356249999999996,51.0,False,False,False,True,2024,17,16.442688233571896,17.001494328668592,21.664999999999996,10.328472781125447,12.8,16.442688233571896,17.001494328668592,10.328472781125447,0.5786969578269431,0.681610059486903,0.71,0.4914006263214842,0.44376465484909106,0.37,0.3488070615964529,0.22824048015713846,0.19
509,Sam Darnold,20.026666666666664,22.9,12.2,16.275,15.4125,16.58125,64.0,True,False,False,False,2024,17,17.819397093884007,17.76241283120185,19.26200000000001,16.737082499424098,28.8,17.819397093884007,17.76241283120185,16.737082499424098,0.8380957843173408,0.8768454439768071,0.79,0.6339142138187438,0.6040350271113177,0.55,0.4088709142235951,0.30729104231255217,0.29
514,Saquon Barkley,24.16,30.0,9.4,23.475,21.4,25.068749999999998,86.0,False,True,False,False,2024,17,22.604006976215274,25.35547713345351,24.1224,20.572483569085176,21.9,22.604006976215274,25.35547713345351,20.572483569085176,0.8966756450499271,0.8968781602662753,0.82,0.7983098436407674,0.8092610616707812,0.68,0.6135415879507683,0.6645390001290847,0.49
517,Sean Tucker,6.470000000000001,1.7,4.7,21.025000000000002,23.075000000000003,31.212500000000002,44.0,False,True,False,False,2024,17,13.370388504914356,9.27201855009535,10.347399999999999,9.182343018603833,5.4,13.370388504914356,9.27201855009535,9.182343018603833,0.48395237620091686,0.3550064075610537,0.51,0.35850775699959886,0.2355430830960624,0.32,0.19698508601666817,0.1302561864461986,0.11
525,Spencer Rattler,9.64,7.9,9.4,16.58125,16.712500000000002,18.237499999999997,53.0,True,False,False,False,2024,17,12.675437660572424,12.968448598339345,12.757600000000002,13.05671233616849,15.3,12.675437660572424,12.968448598339345,13.05671233616849,0.6029684698084639,0.6676509267796217,0.47,0.383544230291825,0.33005718049959715,0.25,0.21909234125328186,0.16316394501154918,0.11
531,T.J. Hockenson,9.35,4.7,10.2,11.587500000000002,13.3,13.41875,45.0,False,False,True,False,2024,17,10.59544837123476,10.557458419159953,8.971800000000002,10.508103724271855,11.8,10.59544837123476,10.557458419159953,10.508103724271855,0.4273913499349365,0.6036100535376644,0.43,0.20992244617212025,0.1760314792927008,0.14,0.08687976365271376,0.08214123202027887,0.07
532,Tank Bigsby,9.423076923076923,12.1,4.2,23.075000000000003,21.224999999999998,23.99375,52.0,False,True,False,False,2024,17,12.607929384878009,12.722191104016806,11.466599999999998,11.101890360639569,3.3,12.607929384878009,12.722191104016806,11.101890360639569,0.48844054915256413,0.5670701854094048,0.44,0.3176073139921237,0.3340027772818252,0.32,0.15939048912028098,0.18239792390534545,0.14
555,Travis Etienne Jr.,8.823076923076924,5.7,12.5,23.075000000000003,21.224999999999998,23.99375,53.0,False,True,False,False,2024,17,12.242363260532407,12.003891862014004,10.468999999999994,12.42532063763578,8.5,12.242363260532407,12.003891862014004,12.42532063763578,0.45969949385030345,0.5167828072985978,0.5,0.30182393301571653,0.29802949412185636,0.29,0.15269726343136455,0.1623004933793263,0.14
566,Trey Lance,0.6,-0.3,1.5,16.712500000000002,15.812500000000002,15.812500000000002,44.0,True,False,False,False,2024,17,6.90752776536766,3.712803262218845,4.927800000000001,5.485144034637813,0.1,6.90752776536766,3.712803262218845,5.485144034637813,0.31355335102441945,0.20415365657714546,0.35,0.16183987397996974,0.10982070640628996,0.12,0.08437577715742695,0.03620904885250468,0.04
577,Ty Chandler,2.518181818181818,0.4,0.2,26.049999999999997,25.468749999999996,23.881249999999998,43.0,False,True,False,False,2024,17,7.968329270754583,6.7711182660036,7.3050000000000015,7.051853757389248,0.7,7.968329270754583,6.7711182660036,7.051853757389248,0.23346881119779056,0.2200557126073652,0.27,0.1522521570343381,0.11768044707855053,0.11,0.07317048437969673,0.06231206612660846,0.06
578,Ty Johnson,5.926666666666667,3.0,20.3,25.64375,19.09375,21.224999999999998,47.0,False,True,False,False,2024,17,9.344049622557048,10.40256033424356,10.286199999999997,10.337548496085786,3.5,9.344049622557048,10.40256033424356,10.337548496085786,0.3089152190336003,0.3029579636070589,0.45,0.1844993199352557,0.19956259733355883,0.21,0.08603090892162253,0.0895249465662659,0.14
579,Tyjae Spears,9.118181818181817,21.6,27.2,24.943749999999998,23.568750000000005,27.556250000000002,54.0,False,True,False,False,2024,17,14.837338342358155,14.11312458138819,16.96159999999999,12.873809996697593,13.3,14.837338342358155,14.11312458138819,12.873809996697593,0.5536348545088406,0.6029907023353756,0.75,0.4243122796276253,0.43136207168240365,0.41,0.24533055650254862,0.2666081163414261,0.23
593,Tyreek Hill,13.379999999999999,11.9,5.6,30.13125,34.5875,37.01875,69.0,False,False,False,True,2024,17,17.765535823585402,17.63561452070023,23.579999999999988,16.360867367991517,22.5,17.765535823585402,17.63561452070023,16.360867367991517,0.7256015796185583,0.7773330330959887,0.82,0.582638664009237,0.5765781268775915,0.56,0.4208764724411762,0.7162919350539668,0.33
597,Tyrod Taylor,6.1,6.1,6.1,16.0875,16.0875,17.875,47.0,True,False,False,False,2024,17,10.59149671472627,10.193569246115244,10.642399999999999,10.312521794380507,11.9,10.59149671472627,10.193569246115244,10.312521794380507,0.49647680221127644,0.402025851812403,0.36,0.2875792533102096,0.245230268207805,0.13,0.15529652666327257,0.12776465369522572,0.06
603,Wan'Dale Robinson,10.020000000000001,13.2,7.8,37.912499999999994,38.18750000000001,34.66250000000001,44.0,False,False,False,True,2024,17,12.60993267606219,12.99271703848781,13.239000000000006,12.434321495338828,18.1,12.60993267606219,12.99271703848781,12.434321495338828,0.41458474855607147,0.641122204660289,0.58,0.28953358988234407,0.24878653049345478,0.23,0.1651044794410348,0.1431664741518277,0.15
611,Xavier Legette,7.950000000000001,2.9,5.9,37.3875,31.65,37.89375,44.0,False,False,False,True,2024,17,13.013208210722905,10.615135203831601,11.122000000000003,11.638304568674208,7.8,13.013208210722905,10.615135203831601,11.638304568674208,0.4298073432178822,0.4872613868814753,0.52,0.31369636257414674,0.30443688994666757,0.26,0.19149196635810922,0.10511813921571901,0.19
