,player_id,mean,week -1 performance,week -2 performance,opponent average -1,opponent average -2,opponent average,salary,is Quarterbacks,is Running Backs,is Tight Ends,is Wide Receivers,Year,Week,linear,boosting,random forest,neighbors 20,neighbors 100,neighbors 250,linear predicted points,boosting predicted points,neighbors predicted points,linear Prob > 10,boosting Prob > 10,neighbors Prob > 10,linear Prob > 15,boosting Prob > 15,neighbors Prob > 15,linear Prob > 20,boosting Prob > 20,neighbors Prob > 20
0,A.J. Brown,18.275,23.7,28.0,32.03999999999999,32.48,34.5375,78.0,False,False,False,True,2024,17,20.338294237347093,17.881319636530947,18.261,21.41631426383834,21.071249350849055,21.098783736480055,20.338294237347093,17.881319636530947,21.071249350849055,0.7923381476647615,0.8115285459235466,0.82,0.7226944896824002,0.5907524828832924,0.58,0.5345514238303019,0.36533399652283977,0.39
4,Aaron Rodgers,16.14,14.8,28.1,18.853333333333335,20.7125,16.975,57.0,True,False,False,False,2024,17,15.214704037144728,14.44075024983184,16.3732,17.15815082820914,16.225569674880084,15.077105291983901,15.214704037144728,14.44075024983184,16.225569674880084,0.752007996845974,0.7388140606516584,0.81,0.48270041696387506,0.4891828066651434,0.48,0.29317946471858025,0.20998247871871065,0.28
7,Adam Thielen,13.1375,15.3,10.1,32.153333333333336,34.5375,34.84375000000001,57.0,False,False,False,True,2024,17,15.816662650268484,15.756847416397147,18.6558,14.155265190757792,12.869529796250568,14.62578625800877,15.816662650268484,15.756847416397147,12.869529796250568,0.5902855534193754,0.6764191948106115,0.65,0.48054020079761695,0.4024469756391579,0.45,0.2894596555495867,0.2681257843385754,0.26
10,Aidan O'Connell,10.028571428571428,11.5,9.8,20.7125,20.462500000000002,16.1125,51.0,True,False,False,False,2024,17,11.4008334187211,12.22386011741101,13.8802,11.541148777276653,12.21427627882318,10.570696607154154,11.4008334187211,12.22386011741101,12.21427627882318,0.5715378084022181,0.6031572923999025,0.56,0.3006336133937783,0.3702897609639099,0.29,0.1696928154664429,0.13203933511387614,0.1
13,Alec Pierce,9.25,0.0,9.6,31.593333333333337,32.593333333333334,29.106250000000003,47.0,False,False,False,True,2024,17,10.310860423588023,9.525980268672447,9.433999999999997,12.642242435722492,10.756575537955355,9.461727544881402,10.310860423588023,9.525980268672447,10.756575537955355,0.36086655098160814,0.4309852090374856,0.4,0.2128521803101434,0.22822000633806125,0.26,0.10397606028883044,0.11825148721246863,0.15
15,Alexander Mattison,10.458333333333334,15.6,4.4,26.618750000000002,21.12666666666667,24.48125,56.0,False,True,False,False,2024,17,13.472717284533458,13.072332907224478,13.397400000000005,14.975849648616789,12.354753525024266,12.513403025857071,13.472717284533458,13.072332907224478,12.354753525024266,0.4995717268028082,0.5180681541547553,0.52,0.3485089194413989,0.35574321851710616,0.35,0.19060063466828367,0.17971498121369106,0.24
18,Alvin Kamara,19.592857142857145,17.0,12.9,23.26,25.068749999999998,22.36875,73.0,False,True,False,False,2024,17,17.73199497174364,21.219113514223515,18.924200000000006,17.90345389520378,17.185273518314382,17.548578917277922,17.73199497174364,21.219113514223515,17.185273518314382,0.7144357160490572,0.8283290746247298,0.84,0.578155988222582,0.591381157628957,0.58,0.3489370171619616,0.3936502675795687,0.42
19,Amari Cooper,8.315384615384616,2.0,0.0,32.593333333333334,39.43333333333333,27.987499999999997,50.0,False,False,False,True,2024,17,9.218116402435967,9.847706234060492,11.251999999999999,12.584965884952771,9.756360366570888,9.86364690788025,9.218116402435967,9.847706234060492,9.756360366570888,0.2822821317752127,0.31249911809650716,0.41,0.18431253761703797,0.21997115871414918,0.22,0.08971627706721239,0.13449598794859333,0.12
20,Ameer Abdullah,8.423076923076923,19.5,19.6,26.618750000000002,21.12666666666667,24.48125,51.0,False,True,False,False,2024,17,12.757622164360727,12.244235685904581,12.5244,16.254942719970305,15.245386604481826,13.353509747705836,12.757622164360727,12.244235685904581,15.245386604481826,0.4708629189306664,0.5147513338298234,0.61,0.30419819661585645,0.3168738812624378,0.4,0.16539377181903994,0.16583797056686692,0.22
25,Andy Dalton,11.316666666666668,2.0,16.9,17.013333333333332,19.279999999999998,20.462500000000002,46.0,True,False,False,False,2024,17,13.256781914509999,9.137029275721568,11.130200000000002,10.071259182776094,12.50367774285097,10.851219874554454,13.256781914509999,9.137029275721568,12.50367774285097,0.6611374799056997,0.46577685259952273,0.38,0.38469413881434733,0.28323111949948976,0.18,0.22542976603838233,0.08888650027212096,0.11
29,Anthony Richardson,16.236363636363635,21.2,15.5,17.15,16.36,16.743750000000002,59.0,True,False,False,False,2024,17,15.868128556437394,15.689700958915537,17.77300000000001,13.006072422575985,16.34757111421826,16.36670525882223,15.868128556437394,15.689700958915537,16.34757111421826,0.7940964508708325,0.8008921799121687,0.79,0.5221242845084759,0.5254821764613715,0.55,0.3240858964484291,0.2164977341174973,0.24
38,Baker Mayfield,22.77333333333333,26.3,29.0,20.5625,17.493333333333332,18.98125,69.0,True,False,False,False,2024,17,20.319349403748543,19.5456731111115,22.751800000000003,16.799330026199986,19.68132268767574,20.099507278443642,20.319349403748543,19.5456731111115,19.68132268767574,0.8936785042528004,0.8902825816166006,0.89,0.7372462956712119,0.7319913097162712,0.68,0.5455904231607402,0.48611455959072913,0.43
51,Braelon Allen,5.220000000000001,2.0,0.5,22.78666666666667,26.618750000000002,25.537499999999998,50.0,False,True,False,False,2024,17,10.590459736502893,8.857487560726444,11.059800000000001,8.134821933690047,8.861540794111578,8.493875867382059,10.590459736502893,8.857487560726444,8.861540794111578,0.34105193615630947,0.30772155743101254,0.37,0.23455747621133338,0.20077974967071907,0.16,0.12379794149903649,0.11794835986108854,0.1
52,Brandin Cooks,7.049999999999999,7.8,6.4,34.84375000000001,30.331249999999997,29.693750000000005,46.0,False,False,False,True,2024,17,9.910907723089492,11.02964123885644,10.964,13.407517720779044,11.117445296128908,10.048173220763164,9.910907723089492,11.02964123885644,11.117445296128908,0.3334579603906864,0.40800410895541744,0.43,0.198906701731625,0.2375219203591758,0.27,0.10113788868160214,0.12810573977255743,0.18
59,Breece Hall,16.02857142857143,14.0,13.1,22.78666666666667,26.618750000000002,25.537499999999998,63.0,False,True,False,False,2024,17,16.667843654711135,18.909221111255004,18.3424,18.139511750501633,15.176422449909003,16.313262040144828,16.667843654711135,18.909221111255004,15.176422449909003,0.647997184176213,0.7457354210593529,0.7,0.5176660303630986,0.5400211405063511,0.46,0.3053659450476261,0.31333019244289123,0.27
66,Brian Thomas Jr.,16.52,31.2,35.5,29.799999999999997,27.987499999999997,27.131249999999998,68.0,False,False,False,True,2024,17,16.643731278274366,15.62031713747099,16.7804,18.625441634219,17.271291880461916,18.411349660657738,16.643731278274366,15.62031713747099,17.271291880461916,0.7184023036830343,0.7419031600801705,0.82,0.5087940950469512,0.5055795566084458,0.59,0.2989945047910967,0.22175334885669196,0.35
69,Brock Bowers,15.94,20.9,6.5,13.766666666666664,10.953333333333331,10.06875,67.0,False,False,True,False,2024,17,14.359043509052583,13.41096951376081,13.513999999999994,13.634812161031531,15.976978584451297,14.643495194556,14.359043509052583,13.41096951376081,15.976978584451297,0.5753068526264988,0.5740538008847779,0.67,0.39423152749946166,0.4078578151096773,0.48,0.17798678996168218,0.12366550274189538,0.22
74,Bryce Young,12.875,27.1,18.0,17.446666666666665,20.5625,20.462500000000002,56.0,True,False,False,False,2024,17,16.054170094810257,16.499762976147178,21.006999999999998,13.834970842168582,16.848074059359938,15.68939061690438,16.054170094810257,16.499762976147178,16.848074059359938,0.7717487868829712,0.762005308963069,0.77,0.5391701522602277,0.6177609081680143,0.57,0.3576058316463378,0.3178572879100671,0.25
77,Bucky Irving,14.193333333333333,18.2,16.3,23.537499999999998,22.0,28.975000000000005,67.0,False,True,False,False,2024,17,18.296584412076882,20.566389794088664,22.200799999999994,16.80894802510709,18.15890693251854,17.31615123583172,18.296584412076882,20.566389794088664,18.15890693251854,0.7155409021335792,0.7638099572867673,0.75,0.6145548967088156,0.6317667556514587,0.51,0.41392977814365045,0.41111431624554734,0.32
83,Cade Otton,10.4,4.4,10.0,10.42,15.346666666666668,14.318750000000001,42.0,False,False,True,False,2024,17,11.071329281996913,11.534204763279126,9.882999999999997,10.949957824065322,9.765585471935541,9.227040398670637,11.071329281996913,11.534204763279126,9.765585471935541,0.38667665062097595,0.6443819862197118,0.47,0.22843132798706053,0.30761232590844345,0.2,0.09123117687825213,0.06858205220271155,0.08
87,Calvin Ridley,11.986666666666668,16.8,9.0,30.45,32.18666666666666,35.84375,55.0,False,False,False,True,2024,17,15.981388915018226,14.801089029386215,17.046200000000002,15.25739466356923,13.412166728854615,14.492793171345095,15.981388915018226,14.801089029386215,13.412166728854615,0.6115495598599607,0.6565361642229905,0.64,0.4891339639183069,0.3659217563646799,0.46,0.29882248087997637,0.2837569131129983,0.22
88,Cam Akers,5.769230769230769,0.3,8.4,23.84,26.77333333333333,22.18125,49.0,False,True,False,False,2024,17,9.215091342667023,8.658213486726343,9.436000000000002,8.420740514819197,9.751844922559824,7.972983240081085,9.215091342667023,8.658213486726343,9.751844922559824,0.2959369195249035,0.2930961919334088,0.4,0.1792379168600108,0.22168165861342423,0.19,0.08913897814919274,0.09608212735843069,0.1
93,Cedric Tillman,7.3090909090909095,4.8,7.7,32.48,34.54375,28.74375,49.0,False,False,False,True,2024,17,9.659540612495723,11.134603734260583,11.327000000000004,12.658285821591425,11.303895642477116,10.328127726373978,9.659540612495723,11.134603734260583,11.303895642477116,0.31955503310273353,0.45893600464459317,0.47,0.19564858974121255,0.2321062249231373,0.29,0.0980837046349614,0.16244666698207436,0.15
95,CeeDee Lamb,18.16,20.5,29.6,34.84375000000001,30.331249999999997,29.693750000000005,74.0,False,False,False,True,2024,17,17.616433073515726,16.128936608632696,15.450999999999992,21.634234661147588,19.21129096350326,17.873354198022877,17.616433073515726,16.128936608632696,19.21129096350326,0.7097754003544325,0.7418637894015405,0.78,0.5765841499085846,0.5080823612169243,0.54,0.36657179438033927,0.29463884884689323,0.42
102,Chris Brooks,3.3,9.5,2.5,24.48125,23.84,16.956249999999997,44.0,False,True,False,False,2024,17,6.166006871923596,7.52679058309019,6.799000000000001,7.640026624150817,7.627189817210921,8.201427186771294,6.166006871923596,7.52679058309019,7.627189817210921,0.21251495902008113,0.2980791585266874,0.29,0.09714184284885813,0.13997669657834277,0.14,0.04529907668661598,0.07312554738324731,0.06
108,Chris Olave,10.212499999999999,2.3,21.7,30.331249999999997,33.82666666666667,29.799999999999997,52.0,False,False,False,True,2024,17,11.768127553206575,10.336232638134284,10.762000000000006,9.855892078892698,13.71387056537118,11.269512970558758,11.768127553206575,10.336232638134284,13.71387056537118,0.43118527068680906,0.48590828027925986,0.5,0.2730688173457493,0.2836894542093705,0.3,0.1400713057142567,0.1773708545743648,0.15
112,Christian Watson,7.95,2.3,8.6,34.54375,34.559999999999995,40.181250000000006,49.0,False,False,False,True,2024,17,14.498339399458416,11.950599010899557,10.656999999999996,13.897253506196849,13.945922849599363,11.155098899527479,14.498339399458416,11.950599010899557,13.945922849599363,0.4749782455878278,0.5547390032038357,0.46,0.41980667861804755,0.34819776038611344,0.27,0.261634411304011,0.15319456777672405,0.18
113,Chuba Hubbard,17.173333333333336,35.5,8.9,26.113333333333333,23.537499999999998,20.631249999999998,70.0,False,True,False,False,2024,17,16.672082934016295,18.384912565232145,21.000200000000003,18.344208446420264,15.923020466280187,17.00280293034066,16.672082934016295,18.384912565232145,15.923020466280187,0.674519872696259,0.8306999326273045,0.82,0.5125310980968242,0.6842172308572152,0.61,0.2985427786666443,0.3976647945202118,0.33
124,Cooper Rush,10.31818181818182,15.3,21.1,20.462500000000002,18.98125,15.3,54.0,True,False,False,False,2024,17,11.935199895379698,12.63209101594227,15.004799999999996,14.880468039516733,14.136407515949239,11.78598047594494,11.935199895379698,12.63209101594227,14.136407515949239,0.6141335175049069,0.6005013704434485,0.66,0.3230511816811205,0.34460655181091937,0.38,0.18605393030632514,0.13029309750616402,0.22
138,Dallas Goedert,10.788888888888888,12.5,5.9,13.206666666666667,12.853333333333333,10.181250000000002,41.0,False,False,True,False,2024,17,9.673004551583308,8.611750390347654,9.149,8.522926984300353,8.313163342816202,9.544610093979133,9.673004551583308,8.611750390347654,8.313163342816202,0.34346689745663495,0.4264378279549138,0.44,0.17244593199103822,0.14586387483910912,0.16,0.06425911516101777,0.04102229662566693,0.08
140,Dalton Kincaid,8.033333333333333,5.5,9.3,12.473333333333333,8.44,9.9625,43.0,False,False,True,False,2024,17,8.688639987366097,7.57595058808796,7.895999999999998,8.747535950211685,8.431798043242688,8.05843552068865,8.688639987366097,7.57595058808796,8.431798043242688,0.3187663549662577,0.4304432658821477,0.45,0.1494481432703669,0.08407397068285499,0.14,0.05713246971028522,0.02618056030869369,0.06
146,Daniel Jones,14.63,14.2,26.4,18.98125,17.013333333333332,14.781249999999998,45.0,True,False,False,False,2024,17,12.812445696476477,11.727218933642854,10.7022,11.517936426211108,10.653037986861513,12.45334112817645,12.812445696476477,11.727218933642854,10.653037986861513,0.6809776099882118,0.5601747638215423,0.55,0.33587562516480596,0.3285434952967951,0.32,0.17837758312572552,0.09975266040423209,0.13
155,Davante Adams,18.150000000000002,19.8,43.8,34.37333333333333,35.84375,32.19375000000001,71.0,False,False,False,True,2024,17,18.34332359184111,16.16166733824228,21.898000000000007,20.160836845973698,19.587187726131855,17.74821840274646,18.34332359184111,16.16166733824228,19.587187726131855,0.7134872263141494,0.7635827414916552,0.75,0.6097536117329563,0.5478114239431391,0.46,0.40351602156697475,0.44166668081499205,0.36
159,David Moore,4.966666666666667,11.9,3.9,32.153333333333336,34.5375,34.84375000000001,41.0,False,False,False,True,2024,17,11.070438787333305,11.869663811104601,11.013800000000003,13.641692479861495,10.819787090412346,10.765347568793313,11.070438787333305,11.869663811104601,10.819787090412346,0.35393361469556855,0.5031775852315824,0.48,0.24575447938297765,0.2467646995680242,0.27,0.13375231403333962,0.1509660033512571,0.18
160,David Njoku,13.136363636363637,14.6,17.2,17.046666666666667,13.053333333333335,12.74375,47.0,False,False,True,False,2024,17,12.156548768329131,10.007962550067205,11.347999999999999,9.923141854687396,12.145297491176846,10.783455313865755,12.156548768329131,10.007962550067205,12.145297491176846,0.430988044739493,0.4874988757266946,0.47,0.26354658745791754,0.23858485705314733,0.27,0.10850402849699223,0.11321435764385307,0.14
164,De'Von Achane,18.6,34.0,14.6,25.526666666666664,19.313333333333333,18.1625,77.0,False,True,False,False,2024,17,17.05659465796881,17.840812043535195,19.5064,18.10803995333769,17.340819028938036,18.107865893509356,17.05659465796881,17.840812043535195,17.340819028938036,0.7221634660017017,0.8136185883049728,0.8,0.5360818637912301,0.6832556431639977,0.68,0.3145255439300685,0.36036078104201,0.35
168,DeVonta Smith,14.366666666666665,11.1,31.0,32.03999999999999,32.48,34.5375,58.0,False,False,False,True,2024,17,16.47256351790663,16.02399226501894,16.294799999999995,16.78250973996125,16.919535972128383,16.753446938243776,16.47256351790663,16.02399226501894,16.919535972128383,0.6393685541510479,0.7068385161020863,0.68,0.5060101163950192,0.4150306486641357,0.39,0.3095559872077435,0.28196305072209527,0.24
174,Derek Carr,15.4,13.0,12.6,16.743750000000002,18.853333333333335,17.281249999999996,53.0,True,False,False,False,2024,17,14.636133917056672,14.569696395228329,13.755600000000005,13.229993675053837,12.602455731776743,13.538087137934182,14.636133917056672,14.569696395228329,12.602455731776743,0.7397199062351009,0.7360142296337885,0.6,0.45302059473891293,0.4438926547262707,0.38,0.2646937416065627,0.1986207022345909,0.16
178,Desmond Ridder,6.875,13.1,4.3,19.279999999999998,20.462500000000002,16.1125,46.0,True,False,False,False,2024,17,9.901339614335257,9.851816772731599,11.129799999999998,10.141667941123435,8.537619338464351,9.754325916099857,9.901339614335257,9.851816772731599,8.537619338464351,0.5022052194804892,0.42176737568746175,0.47,0.23816571190968838,0.2759118386826097,0.24,0.13209964500195984,0.0967911284083678,0.12
184,Devin Singletary,7.223076923076922,1.2,13.1,21.12666666666667,20.766666666666666,24.1125,42.0,False,True,False,False,2024,17,10.679234540596363,7.952078625759541,7.039399999999998,8.38342576677386,10.93230094672494,9.146672629780742,10.679234540596363,7.952078625759541,10.93230094672494,0.3955021734193278,0.2930868185144583,0.43,0.2164102805104414,0.18547269262288496,0.17,0.10598297266052538,0.07237613665311007,0.05
188,Dorian Thompson-Robinson,3.2399999999999998,9.2,1.3,20.933333333333334,17.486666666666668,14.075000000000001,48.0,True,False,False,False,2024,17,7.6021136356662025,8.101837658426943,7.6736,8.320784702909135,5.779539762190393,7.7008538659175505,7.6021136356662025,8.101837658426943,5.779539762190393,0.39919783382922364,0.3870696938357672,0.34,0.16640761042189411,0.13577307430092894,0.15,0.09306233597598962,0.065180803750852,0.09
191,Drew Lock,8.780000000000001,10.5,14.0,19.279999999999998,16.1125,17.13125,49.0,True,False,False,False,2024,17,11.576258667739047,10.827377016777051,13.863400000000006,13.495630229970926,13.33994546617128,11.283155450847545,11.576258667739047,10.827377016777051,13.33994546617128,0.6021470191397619,0.5305357370170816,0.53,0.3065100396362166,0.31505697363923413,0.31,0.17602605720839526,0.11124824228170069,0.09
199,Elijah Moore,7.746666666666668,4.1,1.9,32.18666666666666,32.593333333333334,28.74375,43.0,False,False,False,True,2024,17,9.3033952324121,10.153766736464645,11.035800000000002,11.140304188097211,10.598862623729422,9.975662855704975,9.3033952324121,10.153766736464645,10.598862623729422,0.31389195534014097,0.42114607036530555,0.44,0.17701305308810422,0.18038456963036195,0.25,0.08505125402654257,0.10809186560677449,0.14
200,Emanuel Wilson,4.866666666666666,12.6,0.9,24.48125,23.84,16.956249999999997,41.0,False,True,False,False,2024,17,6.64508400319351,7.531375440584705,6.042199999999998,8.983243833960731,8.039296129828527,9.316297660492513,6.64508400319351,7.531375440584705,8.039296129828527,0.23124101045371542,0.28460459168151303,0.32,0.10250738661004662,0.14132252290218403,0.09,0.04634786850451473,0.06073386734382648,0.03
210,Ezekiel Elliott,4.235714285714286,6.1,5.1,20.631249999999998,28.975000000000005,16.224999999999998,46.0,False,True,False,False,2024,17,6.241983292168879,7.9496918267182215,8.754000000000001,10.723910584042514,7.624684611553414,8.217896309987097,6.241983292168879,7.9496918267182215,7.624684611553414,0.21532581890319502,0.2595546341747996,0.29,0.10063099312999144,0.1752953155960771,0.14,0.04556985674718973,0.06598359086157737,0.07
215,Garrett Wilson,15.813333333333333,11.4,14.6,34.37333333333333,35.84375,32.19375000000001,61.0,False,False,False,True,2024,17,15.628508079192617,16.22040505739707,22.147399999999994,17.932551212755612,14.704294704902162,14.810690191520976,15.628508079192617,16.22040505739707,14.704294704902162,0.5801901084065824,0.7096712307298816,0.7,0.4670769869376188,0.46176946495604126,0.42,0.2709243566267942,0.3396516249040117,0.22
240,Isaiah Davis,5.214285714285714,1.2,3.6,22.78666666666667,26.618750000000002,25.537499999999998,45.0,False,True,False,False,2024,17,10.162725256139703,8.660787084120477,9.432000000000002,7.431275029432107,8.392629643504911,8.366056614183426,10.162725256139703,8.660787084120477,8.392629643504911,0.32469548702560735,0.3206581514912003,0.35,0.211085380625382,0.18651502465458106,0.16,0.10837359949878196,0.08309069387058089,0.08
262,Jake Haener,1.7875,1.7,-0.1,17.013333333333332,16.743750000000002,17.281249999999996,48.0,True,False,False,False,2024,17,8.336679189855452,5.134150097261886,6.196999999999997,6.845921435522049,5.400340916938525,6.19689255133354,8.336679189855452,5.134150097261886,5.400340916938525,0.4358016930144163,0.2327244358444532,0.29,0.19758490806838558,0.09116053973205736,0.13,0.11486054418005236,0.04759947752894417,0.04
265,Jakobi Meyers,13.661538461538461,6.1,10.9,35.84375,38.419999999999995,34.54375,60.0,False,False,False,True,2024,17,15.10674996706355,16.29278962597393,23.435399999999994,20.02015427325845,16.114207347388586,13.260879624494239,15.10674996706355,16.29278962597393,16.114207347388586,0.5164634538507588,0.6080485474732054,0.58,0.45037563552314547,0.4450421909214794,0.33,0.2682264814918509,0.34462417023607306,0.23
268,Jalen Coker,8.455555555555556,2.8,24.0,32.153333333333336,34.5375,34.84375000000001,43.0,False,False,False,True,2024,17,12.368931024890927,10.779269408118887,10.941000000000006,10.454264730730051,13.597031590845923,10.945413920595092,12.368931024890927,10.779269408118887,13.597031590845923,0.42198818758134726,0.35576009441108714,0.56,0.2925308460361677,0.2273480303140402,0.23,0.15857620677033682,0.10652969220065589,0.11
270,Jalen Hurts,22.2,4.5,30.1,17.013333333333332,16.139999999999997,20.5625,75.0,True,False,False,False,2024,17,20.433779543912458,19.6412471102681,20.994399999999995,15.258481935879496,20.67996102114852,17.356624038156976,20.433779543912458,19.6412471102681,20.67996102114852,0.8980293101913759,0.9125942674731237,0.86,0.7601763460481653,0.6957864117529481,0.62,0.5794820291424198,0.5213399885388316,0.31
271,Jalen McMillan,8.49090909090909,16.7,18.5,34.5375,33.82666666666667,30.331249999999997,46.0,False,False,False,True,2024,17,11.26206556656328,11.359702319943203,11.183000000000003,11.929806567454541,12.61871550046883,11.403770671445058,11.26206556656328,11.359702319943203,12.61871550046883,0.3866133130092912,0.5197029224143072,0.52,0.24246677347690002,0.2305573494002777,0.23,0.12590958739810354,0.1354145577714665,0.13
274,Jalen Tolbert,8.413333333333332,10.0,8.1,34.84375000000001,30.331249999999997,29.693750000000005,41.0,False,False,False,True,2024,17,10.144997749328727,11.63189227504273,12.286999999999999,13.030318680252886,12.02744865655106,9.873243654945629,10.144997749328727,11.63189227504273,12.02744865655106,0.34823242563093537,0.44731874243767417,0.45,0.1972139738620364,0.23555413261499905,0.25,0.09687887375390863,0.1250036058325068,0.2
277,Jamaal Williams,2.5416666666666665,0.8,0.0,22.18125,23.26,22.36875,48.0,False,True,False,False,2024,17,8.222550245172648,7.217423719621909,6.157600000000001,7.007880635951067,7.757445879821529,6.142070193592333,8.222550245172648,7.217423719621909,7.757445879821529,0.2706908011005419,0.25991981201453135,0.28,0.15460961443893423,0.24823500957072384,0.14,0.07829071254857416,0.09432013841532859,0.09
279,Jameis Winston,12.350000000000001,2.6,17.3,17.486666666666668,16.139999999999997,14.075000000000001,48.0,True,False,False,False,2024,17,11.267147652066914,9.955661634312046,11.213799999999999,9.941968413116966,10.653486447683076,9.071453008830543,11.267147652066914,9.955661634312046,10.653486447683076,0.6157216989882455,0.4768358280452623,0.49,0.28181134490652715,0.16709320813269016,0.19,0.14695947007714885,0.056368503648816154,0.08
281,James Cook,18.47142857142857,30.6,29.3,25.839999999999996,18.913333333333334,20.137499999999996,72.0,False,True,False,False,2024,17,17.47232809917825,17.683060960341493,16.090599999999995,18.70734860224501,19.995763028496373,18.143825620126062,17.47232809917825,17.683060960341493,19.995763028496373,0.7345569516030772,0.8221667443110731,0.87,0.5462174402725175,0.5917137724315478,0.72,0.32603776442089005,0.32064750230702904,0.45
296,Jayden Reed,13.286666666666667,11.1,11.1,34.54375,34.559999999999995,40.181250000000006,59.0,False,False,False,True,2024,17,17.910542409659794,16.283643130822192,22.26039999999999,17.267933654608193,16.640341526608836,15.427517926625864,17.910542409659794,16.283643130822192,16.640341526608836,0.6458640742699097,0.7245600418264206,0.65,0.602060256411075,0.5365653243766447,0.47,0.41392072979066397,0.33719909263348513,0.28
298,Jaylen Waddle,10.185714285714285,0.0,18.9,36.15333333333333,27.987499999999997,34.9,54.0,False,False,False,True,2024,17,13.798700343807052,14.148751480274274,11.5068,13.518679323866097,15.727523157693888,11.619118912406304,13.798700343807052,14.148751480274274,15.727523157693888,0.49639199372299636,0.49665375179024634,0.51,0.37340702605826803,0.3491371066622358,0.29,0.21769666581114058,0.20158924249887594,0.2
300,Jaylen Wright,2.238461538461539,0.3,3.3,19.313333333333333,20.137499999999996,18.1625,41.0,False,True,False,False,2024,17,6.143465301034153,5.9146352227164005,9.173849999999996,7.210578471182628,8.07842553967226,6.26740514511052,6.143465301034153,5.9146352227164005,8.07842553967226,0.2360644944060368,0.19555035224896233,0.31,0.09740276611168641,0.10009965723404879,0.14,0.04484652850085209,0.04538560313321532,0.06
309,Jerome Ford,10.138461538461538,24.1,18.4,24.053333333333335,14.926666666666668,20.6375,59.0,False,True,False,False,2024,17,13.256128601593682,14.148574242877649,15.886999999999992,17.3835976432305,18.038635665269,14.764639900566053,13.256128601593682,14.148574242877649,18.038635665269,0.5599375226442016,0.6579672375661696,0.76,0.3296889194554477,0.38013419167713247,0.51,0.17573158538522435,0.2120042039216392,0.27
310,Jerry Jeudy,14.146666666666667,4.0,24.8,32.18666666666666,32.593333333333334,28.74375,65.0,False,False,False,True,2024,17,13.985073763357164,15.385364570218801,15.607999999999999,17.934963890018263,16.548429647272684,14.244130380415218,13.985073763357164,15.385364570218801,16.548429647272684,0.5436744583799061,0.6647395399775725,0.71,0.38666936985472056,0.40457294548077966,0.37,0.2119533131247318,0.2757638851773,0.26
314,Joe Flacco,13.883333333333333,15.9,6.1,16.975,16.4875,16.743750000000002,49.0,True,False,False,False,2024,17,13.665939480947442,13.110195392565881,12.716,12.395652677555407,11.962401202601027,12.506449780987685,13.665939480947442,13.110195392565881,11.962401202601027,0.7104987862781474,0.6704522182835984,0.52,0.3976712929298374,0.386503391715645,0.34,0.22368988427920974,0.15376960499495182,0.17
324,Jonathan Taylor,17.674999999999997,42.8,15.1,23.062499999999996,23.166666666666664,25.068749999999998,79.0,False,True,False,False,2024,17,20.329135434269283,22.560638765490964,25.37900000000001,20.61553370090293,18.794965486699603,20.383170164002014,20.329135434269283,22.560638765490964,18.794965486699603,0.8072689590948242,0.8845248212785547,0.88,0.7129187447887287,0.7934717704179328,0.81,0.5136873864814884,0.5806504584989973,0.5
327,Jonnu Smith,13.206666666666669,12.2,19.8,9.126666666666667,10.446666666666667,12.78125,57.0,False,False,True,False,2024,17,13.761959691186059,13.191340907267678,13.377599999999997,10.874415854530511,15.790545208506485,13.259577396741884,13.761959691186059,13.191340907267678,15.790545208506485,0.5602190340275218,0.676203157819657,0.67,0.35564901959833367,0.42842629142375527,0.46,0.15710239023008368,0.18762607508951887,0.2
328,Jordan Addison,15.27692307692308,14.5,13.3,34.559999999999995,31.153333333333332,27.493750000000002,63.0,False,False,False,True,2024,17,13.999720425196688,14.840747738062726,19.19399999999999,12.855518240363708,14.080630442600041,14.7460035647091,13.999720425196688,14.840747738062726,14.080630442600041,0.5471145949198436,0.6932528025119085,0.66,0.3779024618179224,0.4779421674770204,0.42,0.20135284268113182,0.2342443754914641,0.27
330,Jordan Love,17.46923076923077,11.5,17.6,16.1125,16.85333333333333,16.4875,62.0,True,False,False,False,2024,17,16.01488962022068,16.62732309139441,17.15440000000001,17.783184880200476,17.155716207985098,16.4303811848838,16.01488962022068,16.62732309139441,17.155716207985098,0.8002419011056432,0.844174316350417,0.8,0.5358835090539015,0.5487353335575855,0.59,0.3319217786792159,0.23976515071518495,0.32
335,Josh Allen,24.426666666666666,12.2,44.3,16.706666666666663,18.5,15.606250000000001,85.0,True,False,False,False,2024,17,20.581758085947477,21.969114185914826,17.634399999999996,20.642220311105884,22.64249992570288,19.98381833327783,20.581758085947477,21.969114185914826,22.64249992570288,0.9094037013395043,0.8988129437006649,0.81,0.7662540681506677,0.6755656293209666,0.65,0.5804779200755183,0.5751332833770859,0.52
336,Josh Downs,13.491666666666665,15.1,6.2,27.131249999999998,31.593333333333337,29.106250000000003,48.0,False,False,False,True,2024,17,13.216113386327521,12.076830202716675,10.7018,7.273172172540919,10.88645910120815,12.349182146873558,13.216113386327521,12.076830202716675,10.88645910120815,0.5377469368022147,0.5439859391684725,0.5,0.32459771124637105,0.3143712444608808,0.31,0.15919346053881164,0.1794497127412524,0.19
337,Josh Jacobs,18.90666666666667,20.7,23.6,24.48125,23.84,16.956249999999997,81.0,False,True,False,False,2024,17,16.214002279850085,16.62557546183984,15.943199999999992,18.868565151943198,17.89905537458838,18.220671610170946,16.214002279850085,16.62557546183984,17.89905537458838,0.6775347256382206,0.7849642567873264,0.81,0.5010975798674434,0.5660088051089511,0.64,0.28419864574133497,0.3317647318003529,0.41
352,Justin Jefferson,20.4,39.4,20.3,34.559999999999995,31.153333333333332,27.493750000000002,83.0,False,False,False,True,2024,17,19.19513595763162,16.750052012453967,19.9242,15.456153285346762,19.293682480759102,20.32501269353752,19.19513595763162,16.750052012453967,19.293682480759102,0.7784677325430558,0.820427157231409,0.79,0.6622113219011725,0.6344956835719555,0.69,0.44847382070924946,0.34428209930966297,0.42
370,Kendre Miller,5.24,5.1,4.6,22.18125,23.26,22.36875,55.0,False,True,False,False,2024,17,10.163510467873076,11.798269122687225,14.735199999999994,11.299855529975764,11.147282671878445,10.062350557828479,10.163510467873076,11.798269122687225,11.147282671878445,0.35615886286707016,0.4559838984765728,0.47,0.2193968369628058,0.29893709201079116,0.23,0.11392207967455019,0.18037904946259456,0.15
374,Kenneth Gainwell,3.7599999999999993,2.3,9.0,23.26,21.84666666666667,23.537499999999998,46.0,False,True,False,False,2024,17,9.238679835397868,8.039004321914843,9.289,7.659810828802719,10.841746765231672,7.883384447052804,9.238679835397868,8.039004321914843,10.841746765231672,0.31250564392529223,0.3045564204895138,0.34,0.1785665215135618,0.21477909241469142,0.15,0.09131518349730607,0.0727305495079124,0.09
377,Kenny Pickett,2.525,10.0,-0.2,17.013333333333332,18.853333333333335,20.5625,55.0,True,False,False,False,2024,17,10.975098108846051,12.747187985309653,16.1246,5.004023200465611,9.388757837455215,10.446282036422307,10.975098108846051,12.747187985309653,9.388757837455215,0.5385546520333288,0.7174447867549062,0.5,0.31498454908768936,0.4238970086672696,0.32,0.20164593616708903,0.36467449689582665,0.19
379,Keon Coleman,8.618181818181817,2.7,7.4,32.593333333333334,39.43333333333333,27.987499999999997,45.0,False,False,False,True,2024,17,9.064664026992645,9.92272391430308,12.300399999999998,14.756999808645146,13.078720924262372,10.048394729272788,9.064664026992645,9.92272391430308,13.078720924262372,0.28038717951962594,0.34530413604549315,0.47,0.17126914103370777,0.20662122532499544,0.24,0.08147578664391925,0.09937207856606715,0.17
383,Khalil Shakir,13.071428571428571,4.2,15.9,32.593333333333334,39.43333333333333,27.987499999999997,56.0,False,False,False,True,2024,17,11.914588645700164,11.945256975540122,11.771000000000004,9.256213336660435,12.875377782934121,11.36656956388764,11.914588645700164,11.945256975540122,12.875377782934121,0.41103283129056556,0.4776495880982905,0.57,0.28072741969662596,0.3411003679895852,0.33,0.14000953914557146,0.20036654716864744,0.16
392,Kyle Trask,0.0,0.0,0.2,17.493333333333332,18.98125,18.98125,44.0,True,False,False,False,2024,17,7.78795840024489,4.528143315050047,5.319599999999998,2.8429423656322514,3.685524303854748,5.388731117755151,7.78795840024489,4.528143315050047,3.685524303854748,0.3865541604684936,0.2154619752472846,0.27,0.17996539162524813,0.10845025952464024,0.1,0.10663304328089604,0.05102510381261075,0.04
407,Mac Jones,9.4,13.9,20.7,17.281249999999996,15.606250000000001,17.15,52.0,True,False,False,False,2024,17,12.575371757515338,12.967233875791369,14.961600000000006,13.23268296536434,16.33864917742069,11.994459790002203,12.575371757515338,12.967233875791369,16.33864917742069,0.6630540534622238,0.6678973282658069,0.63,0.3548855285387543,0.3763971860913697,0.44,0.20941534824667313,0.15712841728061444,0.21
411,Malik Nabers,17.23846153846154,13.8,24.2,38.419999999999995,38.93999999999999,30.45,66.0,False,False,False,True,2024,17,15.641601711788937,17.13972043745628,19.861999999999988,15.56792214608302,15.046779844748896,15.28532009637393,15.641601711788937,17.13972043745628,15.046779844748896,0.559267581594007,0.7242336411619797,0.7,0.4667119647535475,0.5014836493113431,0.43,0.27245186846226993,0.3120353484826489,0.28
420,Marquez Valdes-Scantling,6.766666666666667,8.8,9.1,32.03999999999999,29.106250000000003,29.799999999999997,42.0,False,False,False,True,2024,17,9.905463970015848,11.178904926110665,9.608,12.339535373168442,11.434377724594938,9.752086801625529,9.905463970015848,11.178904926110665,11.434377724594938,0.35358994211907807,0.455146738052165,0.47,0.19373887070623466,0.23555413261499905,0.27,0.09641680527910404,0.12609938734421064,0.19
425,Mason Rudolph,14.75,15.4,16.8,17.13125,20.933333333333334,20.7125,50.0,True,False,False,False,2024,17,15.658850779354946,16.633177531984906,17.535200000000003,10.50642918303649,14.514894544907694,14.305463616299082,15.658850779354946,16.633177531984906,14.514894544907694,0.7564139716705203,0.7744166688592087,0.65,0.5064844421245026,0.5425287004119848,0.47,0.3158146306271651,0.29630599279380854,0.24
433,Michael Pittman Jr.,9.407142857142857,3.9,11.8,27.131249999999998,31.593333333333337,29.106250000000003,47.0,False,False,False,True,2024,17,11.05017489806658,10.672950980135921,10.298000000000002,11.925213242823354,11.047340656966286,10.29766932595209,11.05017489806658,10.672950980135921,11.047340656966286,0.4250255126584242,0.48938722526708195,0.52,0.2398249984145998,0.24707336721955053,0.33,0.11690076422346754,0.1323888763975701,0.13
437,Mike Evans,16.56666666666667,11.9,39.9,34.5375,33.82666666666667,30.331249999999997,75.0,False,False,False,True,2024,17,16.882149751681364,16.48474501904998,22.98439999999999,19.574153007013354,19.8637638056905,17.337343554875982,16.882149751681364,16.48474501904998,19.8637638056905,0.6613922064220624,0.7872426309710354,0.76,0.5461256030394863,0.5625067238263043,0.5,0.3468223834908091,0.33903972989714043,0.36
455,Nick Westbrook-Ikhine,8.2,9.7,2.9,30.45,32.18666666666666,35.84375,45.0,False,False,False,True,2024,17,13.187189284524166,12.247787025894816,11.034000000000002,12.123948287993686,11.413911896307214,11.245327654118437,13.187189284524166,12.247787025894816,11.413911896307214,0.4698329248398745,0.5180317422024655,0.42,0.3402902525341827,0.2666121078230791,0.26,0.18986661360967672,0.13521425810452792,0.17
464,Parker Washington,4.693333333333333,11.4,8.4,29.799999999999997,27.987499999999997,27.131249999999998,42.0,False,False,False,True,2024,17,8.369269187325122,10.573666913541128,13.592199999999997,9.94380290938185,11.448667670993977,10.076611025827523,8.369269187325122,10.573666913541128,11.448667670993977,0.3132008875351716,0.4267115667299907,0.45,0.1482792857265877,0.21037288079912841,0.23,0.07185702662327657,0.07461520529015879,0.14
474,Pierre Strong Jr.,2.4909090909090907,2.9,0.0,24.053333333333335,14.926666666666668,20.6375,43.0,False,True,False,False,2024,17,7.479447221535956,7.108852835960525,7.291000000000001,5.894332213215695,7.845938174698101,6.8444492833759325,7.479447221535956,7.108852835960525,7.845938174698101,0.2746253767311091,0.2585873530730381,0.18,0.1263356168251617,0.1339276941640508,0.12,0.06173023619622691,0.05992223486677952,0.06
479,Rachaad White,14.371428571428572,13.0,16.1,23.537499999999998,22.0,28.975000000000005,57.0,False,True,False,False,2024,17,17.197729138972896,17.34482032159211,18.541200000000007,11.95884219800443,16.578101301183118,16.12172988056265,17.197729138972896,17.34482032159211,16.578101301183118,0.6710796596468152,0.758064925647311,0.71,0.5390652022864105,0.5459784034382241,0.48,0.3325318428357236,0.3354971489760064,0.22
481,Raheem Mostert,6.454545454545454,6.6,5.1,25.526666666666664,19.313333333333333,18.1625,47.0,False,True,False,False,2024,17,8.178119906112366,8.744461780693662,11.473000000000003,9.184554433687799,10.008855962813492,8.437671176730756,8.178119906112366,8.744461780693662,10.008855962813492,0.2960986838391815,0.31415565210617963,0.37,0.14016095286959193,0.1689075497504568,0.18,0.06544026864663816,0.09208408981727002,0.1
488,Ray Davis,6.62,3.9,10.9,25.839999999999996,18.913333333333334,20.137499999999996,42.0,False,True,False,False,2024,17,8.594067909115028,8.33770421934222,8.395000000000003,10.92873151962235,9.543567487587767,8.738990453645842,8.594067909115028,8.33770421934222,9.543567487587767,0.30698102451269893,0.32108198996293086,0.29,0.14641187244259612,0.15970514826199209,0.2,0.06868153251163854,0.06889310686430525,0.07
494,Rico Dowdle,13.042857142857143,8.1,17.9,20.631249999999998,28.975000000000005,16.224999999999998,60.0,False,True,False,False,2024,17,11.085107139276927,12.082502068178547,11.721999999999998,16.7286599281613,11.573011991053638,11.860454633426087,11.085107139276927,12.082502068178547,11.573011991053638,0.4272278474378283,0.4323337068965377,0.59,0.23914435243082674,0.3062799866527609,0.35,0.10956703188980878,0.12681951579932488,0.21
502,Romeo Doubs,9.775,4.0,19.0,34.54375,34.559999999999995,40.181250000000006,51.0,False,False,False,True,2024,17,15.628537030757446,14.066878005291104,20.99499999999999,15.669190809677724,15.89109785023726,12.249291956307625,15.628537030757446,14.066878005291104,15.89109785023726,0.5366623415101671,0.6658700911848153,0.59,0.4740341536534931,0.4187636580753603,0.33,0.3031212188702889,0.22662646480823,0.16
510,Sam Darnold,20.026666666666664,22.9,12.2,16.85333333333333,15.886666666666665,14.781249999999998,64.0,True,False,False,False,2024,17,16.9747950635269,15.97068882469052,12.8046,13.76204323223267,14.708281617803387,16.915329575718655,16.9747950635269,15.97068882469052,14.708281617803387,0.8369575383877148,0.8050471487174328,0.78,0.5785960371328391,0.4901229462667495,0.55,0.3610862839875346,0.17616151160039864,0.23
515,Saquon Barkley,24.16,30.0,9.4,23.26,21.84666666666667,23.537499999999998,86.0,False,True,False,False,2024,17,21.940363059835427,25.31423350396504,24.511000000000003,20.35431656450945,21.06212828115438,20.135956535405885,21.940363059835427,25.31423350396504,21.06212828115438,0.8580254160655227,0.8853536246322986,0.87,0.7786813436767811,0.8092610616707812,0.67,0.5744462882738208,0.6645390001290847,0.53
518,Sean Tucker,6.470000000000001,1.7,4.7,22.0,22.36875,28.975000000000005,44.0,False,True,False,False,2024,17,12.374406991253004,9.27201855009535,11.2804,10.321524700707279,8.775062412995672,9.842718779026749,12.374406991253004,9.27201855009535,8.775062412995672,0.4339366075793601,0.3550064075610537,0.36,0.2977117485506825,0.23831017081424263,0.13,0.16145868247322628,0.1302561864461986,0.09
526,Spencer Rattler,9.64,7.9,9.4,14.781249999999998,17.013333333333332,17.281249999999996,53.0,True,False,False,False,2024,17,12.394859398081168,12.89933557168323,13.612200000000003,11.278785558015949,13.000887157070528,11.282468566074078,12.394859398081168,12.89933557168323,13.000887157070528,0.6544831900036475,0.6067698095997769,0.59,0.35553315667237717,0.33188292787132034,0.29,0.20608585728418233,0.13914686126592987,0.07
532,T.J. Hockenson,9.35,4.7,10.2,12.360000000000001,13.539999999999997,12.575000000000001,45.0,False,False,True,False,2024,17,10.15784546431161,9.51838957824645,8.077000000000005,11.146977388574294,9.356367486699265,8.666527190534428,10.15784546431161,9.51838957824645,9.356367486699265,0.3501645526509231,0.44109856002825115,0.47,0.1984595472440824,0.1751827607335247,0.18,0.07914669241943241,0.07623749310054918,0.08
533,Tank Bigsby,9.423076923076923,12.1,4.2,22.36875,20.137499999999996,23.062499999999996,52.0,False,True,False,False,2024,17,12.32934822609928,12.722191104016805,12.381000000000004,11.70509012539615,11.615192217663868,11.419447473561297,12.32934822609928,12.722191104016805,11.615192217663868,0.4772323422024146,0.5670701854094048,0.52,0.29159417068660226,0.3394997647677143,0.32,0.1493460905946366,0.18239792390534545,0.18
548,Tim Boyle,5.0,7.8,3.4,20.65333333333333,17.13125,17.13125,44.0,True,False,False,False,2024,17,9.222858660464988,9.499310188599095,6.202999999999999,7.830781458123707,6.937075490320318,8.021186738932112,9.222858660464988,9.499310188599095,6.937075490320318,0.46772251860431846,0.3421909596936749,0.32,0.214158141810384,0.21199309332858382,0.16,0.12089286750853058,0.08190652147292012,0.07
553,Tommy DeVito,4.5,2.7,0.0,20.65333333333333,16.1125,17.13125,44.0,True,False,False,False,2024,17,8.744217882878981,6.629313742083911,5.5554,6.953081460338447,3.876892545452764,6.56583398836045,8.744217882878981,6.629313742083911,3.876892545452764,0.4453514683158699,0.23428824865648656,0.27,0.1999358033297795,0.1171682478289062,0.13,0.11232264942370095,0.045404147029805275,0.04
555,Tony Pollard,13.7,6.0,10.5,24.1125,24.053333333333335,26.618750000000002,64.0,False,True,False,False,2024,17,15.881415524144797,17.538566244664526,18.85119999999999,16.301576173514967,15.031475358453422,13.701086700885929,15.881415524144797,17.538566244664526,15.031475358453422,0.6041856723031552,0.660404335920967,0.66,0.4870616101356573,0.47593345905035306,0.34,0.2905019542181837,0.3696503498851066,0.2
556,Travis Etienne Jr.,8.823076923076924,5.7,12.5,22.36875,20.137499999999996,23.062499999999996,53.0,False,True,False,False,2024,17,11.963782101753692,12.003891862014003,11.977400000000005,14.568238966086906,13.596172556157049,11.069429795989034,11.963782101753692,12.003891862014003,13.596172556157049,0.4589922544862317,0.5167828072985978,0.54,0.2778075740768712,0.30320397283968165,0.32,0.14299474710076734,0.1623004933793263,0.17
567,Trey Lance,0.6,-0.3,1.5,17.013333333333332,15.3,15.3,44.0,True,False,False,False,2024,17,6.693326197064636,3.718419890026033,4.0738,8.213147799191958,4.834184614445776,6.078650090908094,6.693326197064636,3.718419890026033,4.834184614445776,0.3748865046608717,0.20135849779159162,0.39,0.14345787477428845,0.1055993402748799,0.13,0.08037948201873756,0.03498519787144629,0.03
574,Tua Tagovailoa,18.22727272727273,12.5,8.8,15.373333333333333,18.046666666666667,16.125,58.0,True,False,False,False,2024,17,15.698421724378466,16.378902125599108,17.484199999999998,10.576921506289818,13.7673143332385,15.136858282852112,15.698421724378466,16.378902125599108,13.7673143332385,0.7898842218225437,0.8108030390552602,0.7,0.5126454705646587,0.506226285356473,0.42,0.3033560622379073,0.22369194183727711,0.28
578,Ty Chandler,2.518181818181818,0.4,0.2,26.77333333333333,26.113333333333333,22.18125,43.0,False,True,False,False,2024,17,7.144940102393223,6.195397257405955,5.970066666666664,7.0203415659641175,7.045416256074774,6.384353949040358,7.144940102393223,6.195397257405955,7.045416256074774,0.20680808704420942,0.21540215557764728,0.24,0.12204791969278611,0.12208104670084281,0.1,0.06099100683585675,0.06231206612660846,0.07
579,Ty Johnson,5.926666666666667,3.0,20.3,25.839999999999996,18.913333333333334,20.137499999999996,47.0,False,True,False,False,2024,17,8.873104362407382,8.909719164493115,9.418000000000001,13.900177697492012,11.873137365852394,8.622801751073222,8.873104362407382,8.909719164493115,11.873137365852394,0.3193208357966602,0.2880346889083954,0.51,0.15852272734344075,0.17013651162484453,0.18,0.07738660059688791,0.08176160472775247,0.14
580,Tyjae Spears,9.118181818181817,21.6,27.2,24.1125,24.053333333333335,26.618750000000002,54.0,False,True,False,False,2024,17,14.475609632413123,13.962074983263008,16.380799999999994,16.762388391180714,14.993855669819666,15.457039089329317,14.475609632413123,13.962074983263008,14.993855669819666,0.546376287125959,0.6029907023353756,0.71,0.3931207886746379,0.3765594049607648,0.51,0.22871601469731398,0.25487610017210466,0.29
594,Tyreek Hill,13.379999999999999,11.9,5.6,28.966666666666672,36.15333333333333,34.9,69.0,False,False,False,True,2024,17,16.86297765542615,17.694877551239706,23.348999999999982,18.632879225959567,17.580283532302815,16.667991740231443,16.86297765542615,17.694877551239706,17.580283532302815,0.6409694271658612,0.7817771868085656,0.74,0.5654131965701298,0.5898997484149517,0.47,0.3680187915569228,0.54203486758426,0.33
597,Tyrod Taylor,6.1,6.1,6.1,15.373333333333333,15.373333333333333,16.975,47.0,True,False,False,False,2024,17,10.305413636702895,10.164292979466548,11.342599999999997,9.208984503489182,10.961621945218317,8.667361219940103,10.305413636702895,10.164292979466548,10.961621945218317,0.5586873953644919,0.40558559785576503,0.34,0.25888716942555823,0.23757043719608298,0.19,0.14542844424287693,0.10828396499858986,0.04
604,Wan'Dale Robinson,10.020000000000001,13.2,7.8,38.419999999999995,38.93999999999999,30.45,44.0,False,False,False,True,2024,17,10.722540134054906,13.324289931960633,13.633999999999997,10.638151829151058,11.574513122618452,11.068293210741206,10.722540134054906,13.324289931960633,11.574513122618452,0.3184484703177435,0.5985536149567742,0.5,0.22093794994853747,0.24387672880938435,0.29,0.11123791598596901,0.1431664741518277,0.15
606,Will Levis,11.836363636363638,0.6,7.0,20.933333333333334,20.7125,20.7125,50.0,True,False,False,False,2024,17,13.256378603756762,11.228619320894676,12.548200000000001,10.482121251005033,10.098152195877255,10.642277335068293,13.256378603756762,11.228619320894676,10.098152195877255,0.629942774049491,0.442473411224005,0.39,0.39450036971585156,0.3814340345676907,0.21,0.2362122967174178,0.14279850456903442,0.18
612,Xavier Legette,7.950000000000001,2.9,5.9,34.5375,29.693750000000005,34.84375000000001,44.0,False,False,False,True,2024,17,12.051823587939158,10.43508243702208,11.156000000000004,10.896010395799042,11.417655444107638,10.063521249515212,12.051823587939158,10.43508243702208,11.417655444107638,0.4091629724029662,0.3810822184122276,0.44,0.2839323586011874,0.2273480303140402,0.29,0.15433601714908174,0.10189112932557967,0.19
